100
24 1 10
36 3 5
37 9 4
40 9 4
161 9 5
172 9 1
172 10 5
172 5 1
175 5 2
178 1 10
206 1 4
244 9 5
314 3 10
344 3 7
346 1 4
346 7 1
349 1 10
360 3 4
364 8 2
380 4 6
380 3 5
401 9 5
429 10 6
437 7 4
457 6 2
478 1 7
478 1 3
485 1 6
510 5 8
512 8 3
516 5 7
606 9 6
615 2 1
653 3 9
725 8 4
748 8 1
762 7 1
812 8 3
824 6 8
834 4 5
834 1 6
849 5 2
906 9 1
934 4 8
950 6 2
951 1 10
951 2 9
986 1 4
996 5 3
1022 6 1
1090 6 2
1114 8 1
1114 1 8
1114 9 2
1193 8 10
1194 7 1
1212 4 2
1212 5 1
1252 2 9
1254 5 6
1254 9 5
1254 10 1
1323 5 3
1323 1 7
1334 1 10
1358 9 7
1400 4 1
1404 7 1
1412 1 6
1412 4 9
1412 7 2
1427 8 3
1447 8 5
1447 1 8
1481 8 4
1550 4 7
1550 1 3
1564 1 5
1564 7 5
1564 1 6
1566 3 6
1583 8 1
1614 9 5
1664 5 1
1672 10 5
1681 7 10
1700 10 7
1736 8 4
1773 1 5
1820 9 2
1856 6 1
1856 4 9
1856 3 10
1872 8 3
1872 1 7
1903 5 10
1910 5 2
1957 1 4
1960 10 6
1974 9 8
